0000000000001000000000000000000000000000000010100001000000010000000000000000000000
0000000000001000000000000000000000000000000010100000000000000010000000000000000000
0000000000000000000000100000000000000000000000000000000000000000000010000000000001
0000000000000000000100000000000000000000010000000000000000000010000000000000000100
0000000000000000000100000000000000000000011000110000000000000000000000000000000001
0000000000001000000000010000000000000000000010100001000000010000000000000000001000
0000000000000000000000100000000000010000000000000000000000000000000010000000000000
0000000000001000000000000000000000000000000010110001000000000000000000000000000000
0000000000000000000000100000000000010000000000000000000000000000100000000000000000
0000000000000000010000000000000000000000000000000000000000000000000000000000000001
0000000000000000000100000000000000000000011000110001000000000000000000000000000000
0000000000000000000100000000000000000000010000001000000000000000000000000010001000
0000000001000000000000000000000010000000000000000000000000000000000000000000000001
0000000001000000000000000000000000000000000000100000000000000010001000000010001000
0000000000000000000000100000000000000000000000000000000000000001000001000000000000
0000000000000000000000100000000000000000000000000000000100000000000000000000000001
0000000000000000010000000000000000000000000000100001100000001000010000000000000000
0000000001000000000000000000000000000000000000000000000000000000000000000000100000
0000000000000000000100000000000000000000011000100000000000000010000000000000000000
0000000000000001000000000001000000000000000000000000000000000000000000000000000000
0000000001000000000000000000001000000000000000100000000000100000001000000000001000
0000000000000000000001000000000000000000000000000000000000000000000000000000000000
0000000000001000000000010000000000000000001010000000000000000000000000000000000000
0001000000000000010000000000000000000000000000001000000000001000010000000000000000
0000000000000000010000000000000000000000000000100000100000001000010000000000000000
0000000000000000000100000000000000000000010000001000000000000000000000000000001001
0000000001000000000000000000000100000000001000100001000000000000000000000000000000
0000000000000000000100000000000000000000011000100100000000010000000000000000001000
0000000001000000000000000000000100000000000000001000000000000000000000000000000000
0000000000000000000100000000000000000000010000001000000000010000000000000000001000
0000000000001000000000000000000000000000000000001000000000000000001000000000000000
0000000000000000000100000000000000000000000000000100000000000000000000000000000000
0000000000000000000100000000000000000000000000010000000000000000000000100000000000
0000000000000000000100000000000000000000010000100000000000010000000000000000001001
0000000000000000000100000000000000000000011000001001000000010000000000000000000000
0010000000000000010000000000000000000000000000001000100000001000010000000000000000
0000000000000000100000000000000000000000000000000000000000000000000000000000000001
0000000000001000000000000000000000000000000000001000000000000000000100001000000000
0000000000100000000000000000000000000000000000000010000000000000000000000000000000
0000000000000000010000000000000000000000000000100000000000000000000000000000000000
0000000000000000000000100000000100000000000000100000000000100000000000000000001000
0000000000000000000100000000000000000000010000001000000000000010000000000010001000
0000000000000000000100000000000000000000010000100001000000000010000000000000001000
0000000000000000000000100000000000000000000000000000000000000000000001000000000000
0000000000001000000000000000000000000000000000100001000001010000000000000000000000
0000000001000000000000000000000010000000000000000000000000000000000000000010000000
0000000000000000000100000000000000000000000000000001000000000000000000100000000000
0001000000000000010000000000000000000000000000001000000000000000010000000000000000
0000000000000000000100000000000000000000010000100000000000000010000000000000001001
0000000000001000000000010000000000000000000000100010000000000010000000000000001000
0000000000000000000100000000000000000000010000000100000000010000000000000000000000
0000000000001000000000000000000000000000000000000000000000000000000000000000000001
0000000000000000000100000000000000000000000000000000000000000000000000000000000001
0000000001000000000000000000000100000000000000100000000000100000000000000000001000
0000000000001000000000000000000000000000000000110000000000000000000100000000000000
0000000000000000000100000000000000000000011000011000000000000000000000000000000000
0000000001000000000000000000000000000000000000001000000000000000001000000000000001
0000000000000000000100000000000000000000000000000101000000000000000000100000000000
1000000000010000000000000000000000001000000000000000000000000000000000000000000000
0000000000000000000100000000000000000000010000011000000000000000000000000010001000
0000000000000000000100000000000000000000010000001000000000000000000000000000001000
0000000000000000000100000000000000000000011000110000000000000000000000000000000000
0000000000000000000100000000000000000000010000001000000000010000000000000010001000
0000000000000000000100000000000000000000010000100000000000000010000000000010001000
0000000000001000000000010000000000000000000000100010000000010000000000000000001000
0000000000000000000100000000000000000000010000001000000000010000000000000010001001
0010000000000000010000000000000000000000100000001000100000000000010000000000000000
0000000001000000000000000000000000000000000000000100000000000000000000000000000000
0000000000000000000100000000000000000000011000001000000000010000000000000010000001
0000000000000000000100000000000000000000010000001001000000000010000000000010001000
0000000001000000000000000000001000000000000000001000000000000000001000000000000000
0000000000000000000100000000000000000001000000000000000000000000000000000000000000
0000000000000000000100000000000000000000000000000100000000000000000000100000000000
0000000000000000000100000000000000000000010000001000000000010000000000000000001001
1000000000010000000000000000100000000000000000000000000000000000000000000000000000
0000000001000000000000000000000000000000000000000100000000000000001000000000000000
0000000001000000000000001000000000000000000000000000000010000000000000000000000000
0000000001000000000000000000000000000000000000100000000000000000001000000000001000
0000000000001000000000000000000000100000000000000000000000000000000000000000000000
0000000000000000100000000000000000000000000000000000000000000000000000000000000000
0000000000000000000100000000000000000000000000000000000000000000000000100010000000
0000000000000000000100000000000000000000011000011001000000000000000000000000000000
0000000000000000000100000000000000000000010000000000000000000010000000000000000000
0000000000000000000100000000000000000000010000010100000000000000000000000000000000
0000000000000000000100000000000000000000011000100000000000010000000000000010000001
0000000001000000000000000000000000000000000000001001000000000000001000000000000000
0000000000001000000000000000000000000000000000100000000001010000000000000000000000
0000000001000000000000000000000000000000001000100001000000000000001000000000000000
0000000000000000000100000000000000000000011000100001000000010000000000000000000001
0000000000000000000100000000000000000000010000100000000000010000000000000000000000
0000000000100000000000000000000000000000000000000000000000000000000000000000000000
0000000000000000000100000000000000000000011000001000000000000010000000000000000000
0000000000000000000100000000000000000000010000010001000000000000000000000000000100
0000000000000000000000100000000000000000000000000000000100000000000000000000000000
0000000000000000000100000000000000000000011000100000000000000010000000000010000001
0000000000000001000000000000000000000000000000000000000000000000000000000000000000
0000000000001000000000000000000000000000001000000000000000000000000000000000000000
0000000000001000000000000000000000000000000000001000000001000000000000000000000001
0000000000000000000000100000000000000000000000000000000000000000100000000000000000
0000000000000000000000100000000000000000000000000000000000000000100000000010000001
0000000000001000000000000000000000000000000000001000000000000000000100000000000000
0000000000001000000000010000000000000000001000000000000001000000000000000000000000
0000000000000000000100000000000000000000010000100000000000000010000000000000000000
0000000000000000000100000000000000000000010000000000000000010000000000000000000100
0000000000000000000100000000000000000000010000001000000000000010000000000000001000
0000000001000000000000000000000100000000001000100000000000000000000000000000000000
0000000001000000000000000000000000000000000000001000000000000000000000000010000000
0000000001000000000000000000000100000000000000100000000000000010000000000010001000
0000000000000000000100000000000000000000010000011001000000000000000000000000001000
0000000000000000000100000000000000000000010000000100000000000000000000000000000001
0000000000000000000000100000000000000000000000000000000000000000000010000000000000
0000000000000000000100000000000000000000000000000000000000010000000000100000000000
0000000000000000000100000000000000000000010000100001000000010000000000000010001000
0000000000000000000100000000000000000000011000100000000000010000000000000000000000
0000000000001000000000000000000000000000000000001000010000000000000100000000000000
0000000000000000000100000000000000000000000000000100000000000010000000000000000000
0000000000000000000100000000000000000000010000100000000000000010000000000000001000
0000000000000000000000100000000000000000000000000000000000000000000000000000000001
0100000000000000010000000000000000000000000000100000100000001000010000000000000000
0000000001000000000000000000001000000000001000100000000000000000001000000000000000
0000000000000000000100000000000000000000000000000000000000000000000000000000000000
0000000000100000000000000000000000000000000000000000000000000000000000000000000001
0000000000000000000010000000000000000000000000000000000000000000000000000000000000
0000000000000000000100000000000000000000010000000000000000010000000000000010000100
0000000000000000010000000000000000000000000000001000100000000000000000001000000000
0001000000000000010000000000000000000000000000100000000000000010010000000000000000
0000000000000000000100000000000000000000011000100000000000010000000000000010000000
0000000001000000000000000000000000000000000000001001000000000000001000000010000000
0000000000001000000000000000000000000000000000000000000000000000000100000000000000
0001000000000000010000000000000000000000000000100000100000011000010000000000000000
1000001000000000000000000000000000000000000000000000000000000000000000000000000000
0000000001000000000000000000000000000000000000100001000000000010001000000000001000
0000000000000100000000000000000000000000000000000000000000000000000000000000000000
0000000001000000000000000000000000000000000000100000000000000010001000000000001000
0000000000000000000000100000000000000000000000000000000100000000000000000010000000
0000000000000000100000000000000000000000000000000100000000000000000000000000000001
0000000000001000000000000000000000000000001000000000000000000000000000000000000001
0000000000001000000000010000000000000000000010100000000000000010000000000000001000
0001000000000000010000000000000000000000000000110000000000010000010000000000000000
0000000000000000000100000000000000000000010000110001000000000000000000000000001000
1000000000010000000000000000000000000100000000000000000000000000000000000000000000
0000000000000000000100000000000000000000011000100001000000000010000000000010000000
0000000000001000000000000000000000000000000000001001000001000000000000000000000000
0000000000000000000100000000000000000000000000000000000000000000000000000000000100
1000000010000000000000000000000000000000000000000000000000000000000000000000000000
0000000000000000000000100000000000000000000000000000000000000000000010000010000000
0000000001000000000000000000000000000000000000001000000000000000001000000000000000
0000000000000000000100000000000000000000010000100000000000000010000000000010001001
0000000000000000000100000000000000000000011000011001000000000000000000000010000000
0000000000000000000100000000000000000000011000110000000000000000000000000010000000
0000000000000001000000001000000000000000000000000000000000000000000000000000000000
0000000000000000000100000000000000000000011000100001000000010000000000000000000000
1000000000010000000000000000000000000010000000000000000000000000000000000000000000
0000000000001000000000000000000000000000000010110000000000000000000000000000000000
0000000001000000000000000000000100000000001000100000000000000000000000000010000000
0001000000000000010000000000000000000000100000110000100000000000010000000000000000
0000000000001000000000000000000000000000000000110000000000000000000000000001000000
0000000000000000010000000000000000000000000000001000000001000000000000000000000000
0000000001000000000000000000000100000000000000000000000000000000000000000000000000
0000000000000000000100000000000000000000011000100001000000000010000000000000000000
0000000000001000000000000000000000000000000000100000000000000010000100000000000000
1000000100000000000000000000000000000000000000000000000000000000000000000000000000
0000000000000000000100000000000000000000010000001000000000000010000000000000001001
0000000000001000000000010000000000000000000000110010000000000000000000000000001000
0000000000001000000000000000000000000000000000100000000000000010000000000001000000
0000000000000000000100000000000000000000011000001001000000010000000000000010000000
0000000001000000000000000000000000000000001000000000000000000000000000000000100000
0000000000100000000000000000000000000000000000000000000000010000000000100000000000
0000000001000000000000000000000000000000000000100000000000100000000000000010001000
0000000000000000000000100000000000000000000000000000000100000001000000000010000000
0000000000000000000100000000000000000000000000000000000000000000000000000000000010
0000000000001000000000010000000000000000000010001001000000000000000000000000000000
0000000001000000000000000000000000000000000001000000000000100000001000000000001000
0000000000001000000000000000000000000000000010100000000000010000000000000000000000
0000000001000000000000000000000000000000000000000000000010000000000000000000000000
0000000000001000000000000000000000000000000010100001000000000010000000000000000000
0000000000000001000000000000000000000000000100000000000000000000000000000000000000
0000000000001000000000010000000000000000000000001010000000000000000000000000000000
0000000000000000000100000000000000000000011000100000000000000010000000000010000000
0000000000000000000100000000000000000000010000100000000000010000000000000010001001
0000000000000000000100000000000000000000011000011000000000000000000000000010000000
0000000000001000000000000000000000000000000000100000000000010000000000000001000000
0000000000000000000100000000000000000000000000000000000000000010000000100000000000
0000000000000000000000100000000000000000000000000000001000000000000000000000000000
0000000000000000000100000000000000000000010000000000000000000000000000000000000101
0000000001000000000000000000001000000000000000100000000000000010001000000000001000
0000000000000000000100000000000000000000010000100000000000010000000000000000000100
0000000000001000000000010000000000000000000000000010000000000000000000000000000000
0000000000001000000000000000000000000000000000000010000000000000000000000000000000
0000000000000000000100000100000000000000000000000000000000000000000000000000000000
1000000000010000000000000010000000000000000000000000000000000000000000000000000000
0000000000001000000000000000000000000000000000000000000000000000000000000000000000
0000000000000000000100000000000000000000000000000000000000000000000000100000000001
1000000000010000000000000000000001000000000000000000000000000000000000000000000000
0001000000000000010000000000000000000000100000100000100000010000010000000000000000
0000000000000000000100000000000000000000011000001000000000010000000000000000000001
0000000000000000000100000000000000000000010000000000000000000000000000000000000100
1000100000000000000000000000000000000000000000000000000000000000000000000000000000
0000000000000000001000000000000000000000000000000000000000000000000000000000000000
0000000000000000000100000000000000000000011000001000000000010000000000000010000000
0000000000000000000100000000000000000000010000110000000000000000000000000000001001
0000000001000000000000000000000100000000000000100000000000000010000000000000001000
0001000000000000010000000000000000000000000000001000010000001000010000000000000000
0000000000000000000000100000000000000000000000000000000000000000000001000000000001
0000000001000000000000000000000000000000001000100000000000000000001000000000000000
0000000000000000000000100000000000000000000000000000001000000000000000000000000001
0000000000000000010000000000000000000000000000000000100000000000000000000001000000
0000000000001000000000000000000000000000000000110000000000000000000000000000000000
0000000001000000000000000000000100000000000000001000000000000000000000000010000000
0100000000000000010000000000000000000000100000100000100000000000010000000000000001
0000000000000000000100000000000000000000010000000000000000000100000000000000000100
0000000000000000000100000000000000000000000000000000000000000000000000000000010000
0000000001000000000000000000000000000000000000000000000000000000000000000000101000
0000000000000000000100000000000000000000010000110001000000000000000000000010001000
0000000000000000000100000000000000000000011000100001000000010000000000000010000000
0000000001000000000000000000000100000000000000001000000000000000000000000000000001
0000000000000000000100000000000000000000010000100000000000100000000000000000001000
0000000000000000000001000000000000000000000000000000000000000000000000000000000010
0000000001000000000000000000000000000000000000100001000000100000001000000000001000
0000000000001000000000000000000000000000000000001000000001000000000000000000000000
0000000000000000000100000000000000000000010000110000000000000000000000000000001000
0000000001000000000000000000000010000000000000000000000000000000000000000000000000
0000000001000000000000000000000000000000001000100000000000000000001000000010000000
0000000000000000000000100000000000000000000000000000000000000001000010000000000000
0000000001000000000000000000000000000000000000100000000000100000001000000000001000
0000000001000000000000000000000000000000000000100000000000100000001000000010001000
0000000000000000000100000000000000000000010000000001000000000000000000000000000100
0100000000000000010000000000000000000000100000001000100000000000010000000000000000
0000000001000000000000000000000000000000000000001000000000000000100000000000000000
0000000000000000000100000000000000000000010000100001000000000010000000000010001000
0000000000000000000000100000000000000000000000000000000000000001000010000010000000
0000000000000000000100000000000000000000010000000000000000000010000000000010000100
0000000000100000000000000000000000000000000000000100000000000000000000000000000000
0000000001000000000000000000000000000000000000100000000000010000001000000000001000
0100000000000000010000000000000000000000000000001000100000001000010000000000000000
0000000000001000000000000000000000000000000000000000000001000000000000000000000000
0000000000000000000100000000000000000000010000110000000000000000000000000010001000
0000000000000000000100000000000000000000011000100000000000000010000000000000000001
0000000000000000000100000000000000000000011000001000000000010000000000000000000000
0000000000001000000000000000000000000000000000100000000001000000000000000000000000
0000000000000000000000100000000000000000000000000000000100000001000000000000000000
0000000000000000000100000000000000000000010000000000000000000000000000000000000001
0000000001000000000000000000000000000000000000100000000000000010001000000000001001
0000000000000000000000100000000000000000000000000000000100000001000010000000000000
0100000000000000010000000000000000000000000000100000100000001000010000000000000001
0000000000000000000100000000000000000000010000001000000000000000000000000000000001
0000000001000000000000000000000000000000001000000000000000000000000000000010100000
0000000000000000000100000000000000000000011000011000000000000000000000000000000001
0000000001000000000000000000000100000000000000100000000000010000000000000000001000
0000000000000000000100000000000000000000010000000101000000000000000000000000000000
0000000001000000000000000000000000000000000000100000000000100000000000000000001000
0000000000000000000100000000000000000000011000001001000000000010000000000010000000
0000000000000000000100000000000000000000010000011000000000000000000000000010001001
0000000000001000000000010000000000000000000010110000000000000000000000000000001000
0000000000000000010000000000000000000000000000000000000000000000000000000001000000
0000000000000000010000000000000000000000000000100001100000000000010000000000000000
0000000000000000000100000000000000000000010000001001000000010000000000000000001000
0000000000000000000100000000000000000000010000100001000000010000000000000000001000
0000000000000000000100000000000000000000010000011000000000000000000000000000001000
0000000000000100000000000000000000000000000000000000000000000000000000000000000001
0000000000000000000100000000000000000000010000010000000000000000000000000000000100
0000000000000000000100000000000000000000011000001001000000000010000000000000000000
0000000000000000010000000000000000000000000000100000100000000000010000000000000000
0001000000000000010000000000000000000000000000110000100000001000010000000000000000
0000000000000000000100000000000000000000010000000100000000000000000000000000000000
0000000001000000000000000000001000000000000000001000000000000000000000000000000000
0000000000001000000000000000000000000000000010001000000000000000000000000000000000
0000000000001000000000000000000000000000000000001000000001000000000000000010000000
0000000001000000000000000000000000000000000000100000000000000000001000000000001001
0000000000000000000000100000000000010000000000000000000000000000000001000000000000
1000010000000000000000000000000000000000000000000000000000000000000000000000000000
0000000000000000000000100000000100000000000000000000000000000000000000000010000000
0000000000000000000100000000000000000000011000001000000000000010000000000010000000
0000000000000000001000000000000000000000000000000000000000000000000000000000000001
0000000000000000010000000000000000000000100000000000000000000000000000010000000000
0000000001000000000000000000000000000000000000001000000000000000001000000010000000
0000000000100000000000000000000000000000000000000100000000000000000000000000000001
0000000000000001000000000000000000000000000000000000000000000000000000000000000001
0000000000000000000100000000000000000000011000101100000000000010000000000000001000
0000000000000000000000100000000000000000000000000100000000000000000010000000000000
0000000000000010000000000000000000000000000000000000000000000000000000000000000000
0000000000000000000100000000000000000000010000100000000000010000000000000000001000
0000000000000000000100000000000000000000011000001000000000000000000000000000000000
0000000000000000000100000000000000000000000000010001000000000000000000100000000000
0000000001000000000000000000000000000000000000000001000010000000000000000000000000
0000000001000000000000001000000000000000000000000000000000000000000000000000100000
0001000000000000010000000000000000000000000000001001000000000000010000000000000000
0000000000000000010000000000000000000000000000000000100000000000000100000001000000
0000000000000000000100000000000000000000010000110000000000000000000000000010001001
0000000000000000000100000000000000000000000000000001000000000010000000100000000000
0000000001000000000000000000000000000000001000100000000000010000001000000000000000
0000000000001000000000000000000000000000000000100000000000010000000100000000000000
0000000000000000000000100000000000010000000000000000000100000000000000000000000000
0000000000001000000000000000000000000000000000100000000001000010000000000000000000
0000000000000000000100000000000000000000000000000000000000000000000000100000000000
0000000000000000000100000000000000000000010000000000000000000000000000000000000000
0000000000000000000100000000000000000000010000001001000000000010000000000000001000
0000000000001000000000000000000000000000000000001000000000000000000000000001000000
0000000000000000000100000000000000000000010000000000000000000000000000000010000100
0000000000000000000000100000000000000000000000000000000000000000100000000010000000
0000000000001000000000000000000000000000000000110000000001000000000000000000000000
0000000000000000000000100000000000000000000000000000000000000000100000000000000001
0010000000000000010000000000000000000000100000100000100000000000010000000000000000
0010000000000000010000000000000000000000000000100000100000001000010000000000000000
0001000000000000010000000000000000000000100000001000000000000000010000000000000000
0000000000000000000100000000000000000000011000100000000000010000000000000100000000
0000000000000000000100000000000000000000010000100000000000010000000000000010001000
0000000000000000000100000000000000000000000000000001000000000000000000100000000001
0000000000001000000000010000000000000000000010001000000000000000000000000000000000
0000000000001000000000000000000000000000001000100000000001000000000000000000000000
0000000000000000100000000000000000000000000000000100000000000000000000000000000000
0000000000000010000000000000000000000000000000000000000000000000000000000000000001
0000000000000000000100000000000000000000010000001001000000010000000000000010001000
0000000000001000000000010000000000000000000010100000000000010000000000000000001000
0000000001000000000000000000000100000000000000100000000000100000000000000010001000
0000000000001000000000010000000000000000001010100000000000000000000000000000000000
0000000001000000000000000000000000000000000000000000000000000000000000000000000001
0000000000000001000000001001000000000000000000000000000000000000000000000000000000
0000000000000000000000100000000000000000000000000000000000000000000001000010000000
0000000000000000000100000000000000000000000000000001000000010000000000100000000000
0000000001000000000000000000000000000000000000100000000000100000001000000000001001
0000000001000000000000001000000000000000000000000000000000000000001000000000000000
0000000000000000000100000000000000000000011000101100000000010000000000000000001000
0000000001000000000000000000000100000000000000100000000000100000000000000010000000
0100000000000000010000000000000000000000100000100000100000000000010000000000000000
0000000000000000000100000000000000000000011000100000000000010000000000000000000001
0000000001000000000000000000000000000000000000100000000000000010000000000000001000
